# name: tbCDC
# channels:
#  - conda-forge
#  - bioconda
#  - defaults
#dependencies:
_libgcc_mutex=0.1=main
_openmp_mutex=5.1=1_gnu
bcftools=1.11=h7c999a4_0
bedtools=2.17.0=0
blas=1.0=mkl
blast=2.12.0=pl5262h3289130_0
bwa=0.7.17=h5bf99c6_8
bzip2=1.0.8=h7b6447c_0
c-ares=1.18.1=h7f8727e_0
ca-certificates=2023.05.30=h06a4308_0
certifi=2020.6.20=pyhd3eb1b0_3
cni=1.0.1=ha975731_1
cni-plugins=1.0.1=ha8f183a_0
curl=7.86.0=h5eee18b_0
dbus=1.13.18=hb2f20db_0
entrez-direct=16.2=he881be0_1
expat=2.4.9=h6a678d5_0
freetype=2.12.1=h4a9f257_0
gdbm=1.18=hd4cb3f1_4
glib=2.69.1=h4ff587b_1
gsl=2.6=ha341630_0
htslib=1.11=hd3b49d5_2
icu=58.2=hf484d3e_1000
intel-openmp=2022.1.0=h9e868ea_3769
jq=1.6=h36c2ea0_1000
kraken2=2.0.7_beta=pl526h2d50403_0
krb5=1.19.2=hac12032_0
libarchive=3.5.2=hccf745f_1
libcurl=7.86.0=h91b91d3_0
libdeflate=1.7=h27cfd23_5
libedit=3.1.20210714=h7f8727e_0
libev=4.33=h7f8727e_1
libffi=3.3=he6710b0_2
libgcc=7.2.0=h69d50b8_2
libgcc-ng=11.2.0=h1234567_1
libgfortran-ng=7.5.0=ha8ba4b0_17
libgfortran4=7.5.0=ha8ba4b0_17
libgomp=11.2.0=h1234567_1
libidn2=2.3.2=h7f8727e_0
libnghttp2=1.46.0=hce63b2e_0
libpng=1.6.37=hbc83047_0
libseccomp=2.4.4=h7f98852_1
libssh2=1.10.0=h8f2d780_0
libstdcxx-ng=11.2.0=h1234567_1
libunistring=0.9.10=h27cfd23_0
libuuid=2.32.1=h7f98852_1000
libxcb=1.15=h7f8727e_0
libxml2=2.9.14=h74e7548_0
lz4-c=1.9.3=h9c3ff4c_1
lzo=2.10=h516909a_1000
mkl=2022.1.0=hc2b9512_224
ncurses=6.2=he6710b0_1
numpy=1.14.2=py27hdbf6ddf_0
oniguruma=6.9.7.1=h27cfd23_0
openjdk=11.0.13=h87a67e3_0
openssl=1.1.1u=h7f8727e_0
pandas=0.24.2=py27he6710b0_0
pcre=8.45=h295c915_0
perl=5.26.2=h14c3975_0
perl-archive-tar=2.32=pl526_0
perl-carp=1.38=pl526_3
perl-common-sense=3.74=pl526_2
perl-compress-raw-bzip2=2.087=pl526he1b5a44_0
perl-compress-raw-zlib=2.087=pl526hc9558a2_0
perl-exporter=5.72=pl526_1
perl-exporter-tiny=1.002001=pl526_0
perl-extutils-makemaker=7.36=pl526_1
perl-io-compress=2.087=pl526he1b5a44_0
perl-io-zlib=1.10=pl526_2
perl-json=4.02=pl526_0
perl-json-xs=2.34=pl526h6bb024c_3
perl-list-moreutils=0.428=pl526_1
perl-list-moreutils-xs=0.428=pl526_0
perl-pathtools=3.75=pl526h14c3975_1
perl-scalar-list-utils=1.52=pl526h516909a_0
perl-types-serialiser=1.0=pl526_2
perl-xsloader=0.24=pl526_0
pip=19.3.1=py27_0
python=2.7.18=ha1903f6_2
python-dateutil=2.8.2=pyhd3eb1b0_0
pytz=2021.3=pyhd3eb1b0_0
pyyaml=5.1.2=py27h516909a_1
readline=8.1=h27cfd23_0
samtools=1.11=h6270b1f_0
setuptools=44.0.0=py27_0
singularity=3.8.6=h9c2343c_0
six=1.16.0=pyhd3eb1b0_1
snpeff=4.3.1t=hdfd78af_5
sqlite=3.40.1=h5082296_0
squashfs-tools=4.4=h6b73730_2
tk=8.6.12=h1ccaba5_0
trimmomatic=0.39=hdfd78af_2
wget=1.21.3=h0b77cf5_0
wheel=0.37.1=pyhd3eb1b0_0
xlsxwriter=1.3.7=pyh9f0ad1d_0
xz=5.2.10=h5eee18b_1
yaml=0.2.5=h7f98852_2
zlib=1.2.13=h5eee18b_0
zstd=1.5.2=ha4553b6_0
#pip:
 #   - fpdf==1.7.2
#prefix: /home/klong/miniconda3/envs/tbCDC
